Александров Максим Егорович
М
5370
1
5 5 5 5 5 5 5 5

Васильев Максим Богданович
М
5370
2
4 4 5 3 4 5 4 4

Виноградова Милана Тимуровна
Ж
5370
3
3 3 4 5 4 3 5 4

Винокуров Максим Александрович
М
5370
4
5 4 5 4 5 5 4 5

Голубев Матвей Михайлович
М
5370
5
3 5 4 3 5 4 3 5

Григорьев Андрей Филиппович
М
5370
6
4 4 5 5 4 5 4 5

Громов Андрей Егорович
М
5370
7
3 4 3 4 5 3 4 3

Давыдова Елена Эриковна
Ж
5370
8
5 5 4 4 5 4 5 4

Евсеева Лидия Святославовна
Ж
5370
9
4 5 4 4 5 3 4 5

Ермаков Адам Макарович
М
5370
10
4 3 5 3 4 5 3 4

Журавлев Григорий Григорьевич
М
5370
11
5 5 5 5 5 5 5 5

Захаров Илья Дмитриевич
М
5370
12
3 3 5 4 5 3 4 5

Королев Даниил Германович
М
5370
13
5 4 4 5 4 5 5 4

Кочеткова София Александровна
Ж
5370
14
3 4 5 4 5 4 5 4

Круглова Ксения Никитична
Ж
5370
15
4 4 5 5 4 5 4 5

Крюкова Мария Романовна
Ж
5370
16
3 5 4 3 5 4 3 4

Кузнецов Адам Макарович
М
5370
17
3 4 3 3 4 4 4 4

Кузнецов Демьян Константинович
М
5370
18
5 5 4 4 5 4 5 5

Маслов Антон Евгеньевич
М
5370
19
3 3 4 4 5 4 4 3

Моисеев Александр Игоревич
М
5370
20
5 5 5 5 5 5 5 5

Павловская Мария Артёмовна
Ж
5370
21
3 3 4 5 4 3 5 4

Петрова Ева Даниэльевна
Ж
5370
22
5 4 5 4 5 5 4 5

Самойлова Варвара Глебовна
Ж
5370
23
3 3 4 3 5 4 3 3

Седова Ева Романовна
Ж
5370
24
4 3 5 3 4 5 3 5

Семенова Вероника Артёмовна
Ж
5370
25
4 5 5 4 5 4 5 4

Сорокина Василиса Захаровна
Ж
5370
26
3 4 5 3 5 4 3 4

Третьякова Дарья Никитична
Ж
5370
27
5 4 5 5 4 5 4 5

Трифонова Надежда Демьяновна
Ж
5370
28
4 5 4 4 5 4 5 5

Филиппова Мария Михайловна
Ж
5370
29
4 5 5 4 5 3 4 5

Шишкина Анна Александровна
Ж
5370
30
5 5 5 5 5 5 5 5

Абрамов Иван Родионович
М
5371
1
4 5 4 4 5 5 4 5

Андреев Егор Львович
М
5371
2
3 5 4 3 5 4 5 3

Афанасьева Мия Робертовна
Ж
5371
3
5 5 5 5 5 5 5 5

Бессонов Александр Евгеньевич
М
5371
4
5 4 5 5 4 4 5 4

Гаврилов Дмитрий Степанович
М
5371
5
3 3 5 4 5 4 3 5

Гаврилова Анастасия Денисовна
Ж
5371
6
4 4 4 5 5 5 4 4

Григорьев Савелий Иванович
М
5371
7
5 5 5 5 5 5 5 5

Гришина Екатерина Павловна
Ж
5371
8
3 3 3 4 3 4 4 4

Добрынин Михаил Андреевич
М
5371
9
4 4 5 4 5 4 5 4

Дорофеев Александр Андреевич
М
5371
10
4 5 5 3 4 4 5 4

Журавлев Артём Дмитриевич
М
5371
11
4 3 3 3 4 4 3 3

Иванов Егор Вячеславович
М
5371
12
5 5 5 5 5 5 5 5

Казаков Денис Артёмович
М
5371
13
3 4 4 4 4 3 4 4

Киселева Вероника Степановна
Ж
5371
14
3 5 3 4 5 3 4 5

Комаров Василий Тимурович
М
5371
15
5 5 5 5 5 5 5 5

Коротков Ростислав Адамович
М
5371
16
4 5 4 5 4 5 4 3

Ларина Виктория Романовна
Ж
5371
17
4 4 4 4 5 5 5 5

Лобанов Константин Владимирович
М
5371
18
5 3 4 5 3 4 3 5

Лосев Максим Павлович
М
5371
19
5 5 4 4 4 5 4 4

Медведев Тимур Романович
М
5371
20
5 5 5 5 5 5 5 5

Миронов Александр Алиевич
М
5371
21
5 4 4 4 4 5 4 3

Миронов Артём Денисович
М
5371
22
4 5 4 5 4 5 4 5

Павлов Андрей Никитич
М
5371
23
4 3 3 5 4 5 3 4

Пономарев Дмитрий Дмитриевич
М
5371
24
5 4 5 3 3 4 5 3

Родионов Даниил Святославович
М
5371
25
4 5 5 5 4 4 5 5

Соболева Ева Матвеевна
Ж
5371
26
5 5 5 4 4 5 5 4

Терентьев Иван Михайлович
М
5371
27
3 4 3 4 5 5 3 4

Федотов Артём Вадимович
М
5371
28
5 5 5 5 5 5 5 5

Хохлов Руслан Даниэльевич
М
5371
29
4 5 4 5 4 5 4 5

Черкасов Даниил Максимович
М
5371
30
3 3 4 5 4 3 5 4